0.000012375135575411395734619392
-0.000000007812426498875176019831
-0.000000001282778468345309968659
0.000000005066225206011310428265
-0.000000007550974173833115045175
-0.000000003472859361368485932594
-0.000000003560618565321958310953
0.000000000521632823125038140511
-0.000000002139617395404112240303
0.000000001989321539989693895065
-0.000000004766984216257061695962
-0.000000010296391547383349714678
0.000000004333530299956319195937
-0.000000004247269383085806461975
0.000000000773739660928257009760
0.000000006244482280274386305921
-0.000000001603730115107244585121
-0.000000001395267369130047067360
-0.000000009180409432478603161548
-0.000000014622463414718893830855
0.000000004942397346420798378117
-0.000000000413253926992607686964
0.000000003925367629855597064755
0.000000011524397459776106494349
0.000000004028635370978636669140
0.000000002676719690337691833024
0.000000005159898885736332020793
0.000000004405118138067490371232
-0.000000006059888482950225371035
0.000000004083983319531716199373
0.000000004136436191496957876946
0.000000005215695815076225273059
0.000000008020048059298414636812
-0.000000004322947720128369770949
0.000000006106049702048828283743
0.000000004745899543892568382725
0.000000007019242513161829300854
0.000000001647000251205395171447
-0.000000009973702235167856586603
-0.000000001035721548903997573710
0.000000007961155429904575152771
0.000000002194647415246313943102
-0.000000006438817814887661622811
0.000000002424787774539879101794
-0.000000002964249903498805188633
-0.000000004761307671109396990705
-0.000000001710393916385999940952
-0.000000007203259365919942057859
0.000000007079660623816638854980
0.000000005653812640999908036970
0.000000002730069067105215330333
0.000000010371699804447758848711
0.000000006070423249266326380102
0.000000001382911436287659048849
0.000000004902926671993339424202
-0.000000000238254033596350976735
0.000000000507511064460992596516
-0.000000004208650515102929245385
0.000000007826486929809813911735
-0.000000001833410406961838346403
-0.000000002839710887467407825154
0.000000004113508861841460466897
0.000000013809290483429442900245
0.000000000631286901107999996292
0.000000000319699832601891146916
-0.000000000690868863225140607875
0.000000001902313534085768915580
0.000000008368813019872504981487
0.000000009702096315333356734924
0.000000012202825464758480317899
-0.000000012063073036661009036698
0.000000003574776974517767974309
-0.000000003985845251885953163125
0.000000008480753920199516573598
-0.000000005166129810915351041810
-0.000000002328647625264678652630
0.000000001698728228354229624536
0.000000002013058908183276847219
-0.000000005610104382934576214144
-0.000000004110979175303965662304
0.000000007194270436486633179442
0.000000007049766347688772397580
-0.000000007954165556388155681040
-0.000000008588140216478775085607
-0.000000003446412807662278193373
-0.000000004938706219343057203983
-0.000000003324009471331963340192
0.000000006993251852521632169204
0.000000001358124476600678692097
0.000000000737971199326179455020
-0.000000002985248813239655017762
0.000000002327622154826401731396
0.000000000276542312531538092394
0.000000010966625187377402030463
-0.000000003717129994573526400266
-0.000000004569840904950588582021
-0.000000008409333669855968380693
0.000000007802443041021727796356
-0.000000004725825132510721899802
-0.000000003389852474897120028320
-0.000000003624649570082753047845
0.000000004214332571068940210885
0.000000002600270596336126252724
-0.000000013119295136511512008264
-0.000000001812231987072550147438
0.000000006054624045003284374443
0.000000002148756966372867481221
0.000000005078957783080623716431
0.000000006887200851763602233434
0.000000010447017586907457886312
0.000000001504217204583099999925
0.000000008163717402735880447121
0.000000009564070322259572281496
-0.000000000996160308738587757439
-0.000000004411825048674863822546
-0.000000001559916002662826423324
-0.000000002935120917196151845112
0.000000009360406417205864249044
-0.000000000024565520503683539882
0.000000000675812645899763706837
0.000000004794857213022337533786
0.000000003011811537646406458497
0.000000002899050284986898452457
0.000000002445166442785726348402
-0.000000002394340158105627889363
0.000000001579942485752390076052
-0.000000004895086657801517205747
-0.000000004299291786395258415361
-0.000000002555393465319514880310
-0.000000006198412625793131285023
-0.000000005390336558077173376939
-0.000000001406575608639470081911
-0.000000009310549299543186253979
0.000000001249865713006278608002
-0.000000002445358700383965163807
0.000000005618705280490545806214
0.000000002437108061507125677069
-0.000000006641635700852425032446
0.000000002724422231765563451945
0.000000003283852291490726757507
-0.000000010282549771363543787588
0.000000001207972950286134829004
0.000000000753831096747891662936
0.000000000494788978516580001573
0.000000001719534085132400240660
0.000000003443202449266570193304
0.000000001021410049461969787133
-0.000000007824092847414223577244
0.000000001183909398516789799377
-0.000000001074860929962919928086
-0.000000000486146397897816334646
0.000000000480099237491612689995
0.000000000203222971648072990783
0.000000011163007479828861133318
0.000000003357673793418415052825
-0.000000004525654883841145321539
0.000000001720142897066655535462
0.000000003799965687039843282446
0.000000009109411086355357410010
0.000000003671631611066687039683
-0.000000006106966076802390205429
-0.000000004386049111140601964924
-0.000000014925774882162373026733
0.000000000809494293669947204885
-0.000000005543277634204801314217
0.000000000578960621964757757179
0.000000004606557096005375838404
0.000000005866294346226142058594
0.000000002377122981854896064129
0.000000002222353397057210807788
0.000000003519282157612918855121
0.000000001297983297803430275558
-0.000000003872550984742154129012
0.000000015402526501803172960281
0.000000005415771798594302045453
-0.000000005968302867296254621788
0.000000005037848678313459218587
0.000000005258132262937652179248
0.000000005699004553381819645551
0.000000007237032749082941485353
-0.000000000500890040077654771346
0.000000012931621793781641426980
0.000000006629539599178458399254
-0.000000003600207262240239309206
0.000000004462975319006608264808
-0.000000001702215187118447492078
0.000000002173615783595371557533
0.000000003344639194987341214106
0.000000001357782183128200240178
-0.000000011656654543597232939926
0.000000002338936383176811331811
0.000000002524124613577761938676
0.000000003401859687945752515632
-0.000000002425143536615920790046
0.000000000909698287724934855729
0.000000001358189142892085364594
-0.000000001078084657308575909251
-0.000000001108281794495438495807
0.000000001714329620291164449277
-0.000000002574036741256150574495
0.000000006520137171535798319556
-0.000000004050648397389459938805
-0.000000013775209840455310967560
-0.000000002385073399562342629406
-0.000000001798265390964523793373
0.000000005434859360819880774186
0.000000006689329821143832095369
0.000000002138176227619578625148
0.000000003334324302082892735380
0.000000004527951066399010519395
0.000000006418896880816564566746
-0.000000006155675761431859275224
-0.000000002589065377111256719719
-0.000000007100636620791810199460
-0.000000002282355269670888602484
-0.000000010586580978279427805289
0.000000005863904162487447398999
0.000000006569022816487931198429
-0.000000009105644155510947398775
0.000000000699141508881951698471
0.000000000322048070500729259561
0.000000004678017009355364976516
-0.000000011404557034398808320974
-0.000000011679644882629076767967
-0.000000004827905350914142002131
0.000000011630417505752074674609
0.000000001059288746371649981315
-0.000000002577905784576366050096
0.000000000557755907395019885790
0.000000011940837156553395699432
-0.000000005308266035066966195505
0.000000001369840750496836241400
-0.000000002389754439218321634069
0.000000007910154622075902733975
0.000000004416134459937590200063
-0.000000004571611181745733227893
0.000000006877125840550297503632
0.000000009754254586704902324118
0.000000003759797787596638788262
0.000000015155832070541482448476
0.000000009378376605904195786416
0.000000000816736433397312701441
-0.000000010238449640666041682982
-0.000000016427260061193632845974
0.000000002913865634446318471668
-0.000000008028105797701296310146
0.000000001825327243677124346908
-0.000000006912883627281538803271
0.000000007003258573673803688205
0.000000006725464056613792593148
-0.000000003523162458414880264733
0.000000003807012861709958919085
0.000000000150647466093815376395
0.000000005485267636675630863855
-0.000000002467997519482466873696
0.000000007194751431487682426153
-0.000000004858896024816453809466
-0.000000001738329594967640785971
-0.000000005488983780761479814879
-0.000000001677758811446156843446
0.000000006650306938656983332036
-0.000000003896290226651751536111
0.000000002356108840574612434346
0.000000000217008009469096260972
-0.000000000093555561020330329810
0.000000008268880719632931148068
-0.000000003035566165977361322812
0.000000010238745868358776508937
0.000000002205074677411591265599
0.000000008500904829885419032606
0.000000010738637450007850420997
-0.000000000683544928533955890887
-0.000000001117100614576961583777
-0.000000005224671511942205827357
-0.000000004379650578035168905364
-0.000000001075188695520830719737
0.000000001349011410654182975970
-0.000000004331377812720265700295
-0.000000002874228950904581128802
0.000000001908719201152271025035
0.000000003644963075246950163140
-0.000000001493837468155442844258
0.000000005631524745985713448508
0.000000003292813785623758425562
-0.000000004123877148112868447113
-0.000000005239849892811877636635
-0.000000008995327929611443775783
-0.000000007462587334526263522053
-0.000000003155921577090959230837
0.000000007634306846911947939155
-0.000000000081843393428262176020
0.000000004594965966948134854858
0.000000004743320336336927829573
-0.000000001622766170623840252194
-0.000000007572904806125827120649
0.000000003833670336955750272301
-0.000000003389568775144062533355
0.000000007066720779578544379958
-0.000000005375272835355659232045
-0.000000002716929817712305942905
0.000000003524953849648122640115
-0.000000005882489306478981281763
-0.000000001505934896612985422006
-0.000000000669642587811975069502
-0.000000005112347234180083499933
-0.000000000342225046814171711319
0.000000007981085991849309410415
-0.000000001301038016721024367105
0.000000004953990141666364003535
-0.000000001581785289332085861470
-0.000000005880702010074706640751
-0.000000000751619652931206243041
-0.000000000667310029959601712347
-0.000000004649222748377639752551
-0.000000004943174677459046498836
-0.000000001825267986722880590329
-0.000000000473590606106432570633
-0.000000010056242492060945863924
0.000000005215144737708942829592
-0.000000008205678296746180023943
-0.000000000565221429321984556250
-0.000000004557445435448938884183
-0.000000003786323537554120257351
0.000000007262050691109277050728
-0.000000008104575145628935952850
-0.000000006853326674270311437696
0.000000006127508559237704949067
0.000000000861896370280604740110
-0.000000002007752209081983314575
-0.000000006620620254880594651854
-0.000000002720998342966288764560
-0.000000002068839945206024350679
-0.000000002838603710942736382922
-0.000000002186182079904023633456
-0.000000007248923888924673460583
-0.000000005463422988469487586919
0.000000001952714044707231931709
-0.000000001607658043583102979011
-0.000000004039519249089322839355
0.000000012949234181827845370673
-0.000000005259194840465916474554
-0.000000002650944810655438138868
-0.000000005955705982132687288904
-0.000000000868271419324681537072
0.000000009140253627607178647128
-0.000000000757115471034398300729
0.000000006248086114111838642260
-0.000000002186783442623809242508
0.000000003141177197247506095037
0.000000005570476155807443167558
0.000000004811547695669524294237
-0.000000006427434484463888555048
-0.000000001234168420731542488561
0.000000007721451366842885435027
-0.000000009947918617147417372098
-0.000000008242255026429266455586
-0.000000001688735247964189644168
-0.000000000638690079301473516355
0.000000004234599782704868701580
-0.000000002336741466575278363624
-0.000000000458730325427321325718
0.000000000769929799904653564606
0.000000007049297820126230506586
0.000000007256718533065509023550
0.000000000713550611845198109985
-0.000000004559546233564549142473
-0.000000005064504026757219972765
0.000000011765256791060699422703
-0.000000002777124870198113481580
0.000000005584202715153011463471
0.000000002908003252776738703025
0.000000001808376614965081015931
-0.000000001655529568503490806502
0.000000003574335928241406314362
-0.000000000652343625585147111315
-0.000000004211943665148942063566
-0.000000009435986686122326328254
0.000000006880312596849062040653
-0.000000000766237171488007594335
0.000000000164265852250884398391
0.000000009230046438085422489649
0.000000001777642859273026731910
0.000000000319533562831857241512
0.000000003066090657085444983669
0.000000008653351412892906179756
0.000000004257888121146078143368
-0.000000000248678468089591346043
-0.000000005276347938299668841153
-0.000000005856711964456604891813
0.000000007180886631628851477068
0.000000014692759410381931308095
-0.000000007029687254575479559907
0.000000001754448586835838529650
0.000000003014080177781020977460
-0.000000007386769495767441261896
-0.000000006115080731274800391102
-0.000000001221871059679809765889
0.000000002321723379857823662828
0.000000005382378609451424973923
0.000000000558072790814865896379
0.000000004073086457280845974102
-0.000000009103117142397110656394
0.000000005404395529038142609312
0.000000007710067779383324928251
0.000000001668105424340748975032
0.000000018725262003835833097072
-0.000000001918460171761233108318
0.000000001949751982064380534487
-0.000000002865033610323887669886
-0.000000002913590097871487781264
-0.000000013296417044958479925647
-0.000000005379641021967613943774
-0.000000003352831120515933968541
-0.000000010251421200154340858017
-0.000000004668924864244668401713
-0.000000003994762036121275615333
0.000000005851436795884581261723
0.000000001163728715412134712679
0.000000007014495666201458071186
-0.000000003015066385580123205017
0.000000008779685135994792887026
-0.000000001510540440887699558228
-0.000000004136387929866975816819
-0.000000003042947697023479708067
-0.000000004760862990468002991075
-0.000000006405711445898950447183
0.000000006092788356825384767951
-0.000000002932411887636153299497
-0.000000001659883765321646680136
0.000000000848113657112057967282
-0.000000000708558354422584086104
-0.000000000161912521252616449362
0.000000005937912048693711469184
-0.000000000567122737191244130491
0.000000005931043638230143171000
0.000000013733071799543953170931
0.000000014026635425914734843020
-0.000000008389904534474226412491
-0.000000017389105292967627954106
-0.000000004968747494844622743490
0.000000010426951793675875843257
0.000000002851492863649369452779
-0.000000004201395945946907993971
-0.000000005497274953141605814622
-0.000000003372628358999359922776
-0.000000003732271210594325329777
-0.000000009269190486346534965668
-0.000000006889301633261913337336
-0.000000000603116858761630545379
0.000000000845558532769775394166
-0.000000002004390418305725813444
0.000000009007900789926126452969
0.000000001744143274118967806460
-0.000000001167343624291184529332
0.000000006844676845593927975544
-0.000000001906504942168678623301
-0.000000005782751384998378704250
0.000000001401448342483672450928
0.000000001280210720321489503666
-0.000000006845436515677601723771
-0.000000012893956540818505037338
0.000000002924694817521123881332
0.000000005949354011696325143798
0.000000006856589343544168403999
0.000000007175723405683276291451
0.000000011945963298104962085366
0.000000005054026888187622225620
0.000000005684925536468348774057
0.000000002151854833603008473372
0.000000004670626002133627187383
-0.000000005006478549129527873177
0.000000005759093284375873891042
-0.000000002961768098042217773355
-0.000000004686669092462558650655
-0.000000009934040994008022408160
-0.000000011133130764573991637343
0.000000003123310941632267325737
0.000000016653773007071102384091
-0.000000005814033513445522979534
-0.000000006364259389304387504305
0.000000003665488214484319822304
0.000000006304299030606775294388
0.000000016876597139539820704479
-0.000000000562518504499670600403
-0.000000001697068065216288680866
-0.000000004704017694853362616792
0.000000011216782035905887550915
-0.000000010365460341488889704043
0.000000002429290892450561471259
-0.000000003255095148236112372623
-0.000000002438810582790156592921
-0.000000008947191562595841154703
-0.000000000698814029313447692931
-0.000000005629345536928659142569
-0.000000009387703282176200820548
-0.000000000551657294676639983526
0.000000000336415126380697421447
0.000000004741287695983166239560
0.000000009310730946411812156438
-0.000000002433004746783332038695
0.000000001561721451419657729382
0.000000007742717733475960934449
0.000000005409701093624157994279
0.000000004832164689045684617914
0.000000010287672419641566436814
0.000000011774615377635856305556
0.000000003072930810804106146588
0.000000008012729864253002984620
-0.000000008146135670210335176880
-0.000000023312607816792533154854
-0.000000001284438638414622228951
-0.000000003690165371521868128099
0.000000008540790202693957987491
0.000000015223507483227276627013
-0.000000002698950161737593338238
0.000000000881063955651042628675
0.000000000481339155789514709606
0.000000014959894549387954100282
-0.000000001252461518786204871647
-0.000000000985075825547212014934
0.000000001602895451564923886752
0.000000000908525818174389388383
0.000000002389472712644507891550
0.000000008352030828635584119885
0.000000005064656907652143629732
0.000000001026666570109506465355
0.000000006580126636169860142716
-0.000000005367254601602546908446
0.000000001398676040174006449726
-0.000000008944830999230873325451
-0.000000006077523213798505136274
-0.000000002994724642442437458227
-0.000000001969348567991842529212
0.000000002360395447478055801318
-0.000000008658693372210063154094
-0.000000014324621854367361717892
-0.000000008631045648237006952676
-0.000000000844855430600158647074
-0.000000002838504404102110901072
-0.000000000087455887676197492093
0.000000012763522211838153219717
-0.000000009679589581678403911993
0.000000006543374188262185938867
-0.000000002934279766592986503750
0.000000001750525610646232619362
-0.000000013393417702366951210841
0.000000002726922113252832357651
0.000000000575008404810859663427
0.000000000954924293859632730169
-0.000000007499083383045728936678
-0.000000002057441461796586422587
0.000000004257917004162406747113
0.000000009791345821355701559847
-0.000000002735422211526558275662
0.000000004971540893680918170132
0.000000011508027372605162826355
-0.000000000334413229020021345939
0.000000002271427195715898658702
-0.000000005429895121076269314910
-0.000000004930901452607320904300
-0.000000001669776184220743607055
0.000000002743336272952744746213
0.000000004656215352875506086290
-0.000000007397950101102289415859
0.000000008461479769465576839087
0.000000007365401909908076090758
-0.000000007280786538760827126044
0.000000016799764347030631748073
-0.000000002212646872851277633788
-0.000000001035182005535897515865
0.000000004016813201687836908459
0.000000009117407622467867300585
0.000000014506205089297275681600
-0.000000008602434419723184712743
0.000000002547739512566972867361
-0.000000011744407505747566887997
-0.000000002823245509368341931809
0.000000006010226448261414357557
-0.000000017499499788820059013916
-0.000000005166779500899234727547
0.000000010275486535354904345103
0.000000009554329675806520463178
-0.000000004562465080199910804561
0.000000001863435867441045984209
0.000000002849711517174426946413
-0.000000014188720388295484404412
-0.000000010956873269097105804516
-0.000000005784899339956949081360
-0.000000005418797493146182006464
0.000000006109823894617399996195
0.000000002527081348936271726767
0.000000006599609242306722227444
-0.000000005071344085845526945327
0.000000003558914732669224409219
-0.000000001605664079793077867734
0.000000018513970279994890014233
0.000000003439311171905888886350
-0.000000006590633650365938026744
-0.000000001953859859463414873999
-0.000000001571293184756675807775
0.000000006127406639103275793565
-0.000000006268976564426122251554
0.000000000103121244739679000582
0.000000000381258057109590516164
-0.000000000385253781010469230060
-0.000000005137188698642562410063
0.000000001882798218375682060689
0.000000000256938309522107736428
-0.000000005396893320064937675643
-0.000000009903494814513691146048
0.000000011072867448197643811496
-0.000000009874937226007861018728
-0.000000007572866622932631102477
-0.000000002962281140848708341758
0.000000003312604102887150658261
0.000000006305681560802708893360
0.000000006533248813468905385027
0.000000005201745679466865076523
-0.000000000315909329335705168795
-0.000000004204459633617190903344
-0.000000002519550961685598239166
-0.000000004286894703932013090764
-0.000000000515524092484550205884
-0.000000001554378682975184280436
-0.000000006943601076983693075187
0.000000005073947383851842365988
-0.000000002844622445103320317304
0.000000000528105662149498357860
0.000000004474635732338124819818
-0.000000014765572102773337000265
-0.000000002648866824672792987677
-0.000000001905464220751511717500
0.000000002434774320508594141284
-0.000000000239215376618948745433
-0.000000003171030932080382986053
-0.000000005867084553654278156215
0.000000007892105287928400047006
-0.000000008442800502012594120334
0.000000003449019465956395056605
0.000000000517518740448810477149
0.000000004047536168056978345860
-0.000000014971044272514404305476
-0.000000006739723613676857237820
0.000000009435962384874208916888
-0.000000005445310895941855186740
0.000000003457144958744936315375
0.000000013643685559982176875253
0.000000008626329263882652144595
0.000000007481264625037057379411
-0.000000007093394089690099541822
-0.000000006589199262464501881349
-0.000000010421810976980700021160
-0.000000000811758652868193436381
-0.000000004217378667704024799263
-0.000000005710166747797572618777
0.000000012516707659610656641237
-0.000000003527983222426181455905
-0.000000006856796495171155600114
0.000000007851308449431616256483
-0.000000004802249721978117680228
0.000000006712482857051364043488
-0.000000005033520261907806599304
-0.000000002203544289498167622407
-0.000000008358749649653023583293
0.000000005394617351625496873696
-0.000000011707426954913184654855
0.000000004819148507371009114107
-0.000000002007170367623390574185
0.000000005094744193202773826433
0.000000001617871805743132025254
0.000000016728904659973720964183
-0.000000005720510515541640808430
0.000000004875608742525574782510
0.000000022247292149745913555143
-0.000000008957440582695934370790
-0.000000007969863170548478108866
0.000000002771995455545522781881
0.000000003241111751461407210684
-0.000000015934556817380471956009
0.000000014391276081831191214600
-0.000000007240841482449918273657
-0.000000011101388519134225502377
0.000000005072045771858134740665
0.000000019666594936872781757231
-0.000000006249933939256861268960
0.000000001445682168926020812883
-0.000000013254358045531315477029
-0.000000014976423753426952847949
-0.000000004329637728999355861924
-0.000000008063044293285344863992
-0.000000007813818406919363876413
0.000000006586535460361808308624
0.000000002315160282930653866687
-0.000000015611398984032788472057
0.000000022117156690335566599866
-0.000000010678887382115133948968
-0.000000004032653021806771256765
0.000000001169171587789780285855
0.000000004216273404109460381453
-0.000000021080818330727041927173
0.000000007186722782668931076280
-0.000000003944487309603782248495
0.000000004946340161198846088096
0.000000000374088245661256801483
-0.000000012447168019457416677749
-0.000000003935829412733439533123
-0.000000000385157813944042455498
0.000000004195741881501979593416
0.000000008367496961301543885977
0.000000009925365947700713734949
-0.000000007337417583291739661577
0.000000005407784012343903108834
0.000000002843967948688138098908
-0.000000009524400751680560663436
0.000000010485885467057793782894
-0.000000013346158575471489346411
0.000000014089636400375026159754
0.000000001493805239481711506474
0.000000000314852461877198514198
-0.000000009457017655222308593435
0.000000004261205245138444625217
-0.000000001274727490581331768619
-0.000000011342035216635375917396
0.000000006822202729499862031393
-0.000000003318571963708613913508
-0.000000011850416311471958398595
-0.000000004423456543011778091258
0.000000019309298761397075959156
-0.000000014679764079522170184473
0.000000009448826985857607254677
-0.000000012059780909854296702914
-0.000000015592447465422580144827
0.000000011801459830630743178768
-0.000000017691643286562630595603
-0.000000005521973734872593403174
-0.000000026425984395412217612874
0.000000006801968743667275059416
-0.000000017712896696183163345913
-0.000000004023687640859893146200
-0.000000000933945494752265359087
-0.000000000236021927640135905975
0.000000002229221568264897721785
-0.000000011705522164886403648139
0.000000007248249628244322667517
-0.000000013210561204413869557306
0.000000011666116364849860590699
-0.000000007866739187142079381612
0.000000000760376488410205797302
-0.000000020169740799757567968864
0.000000014293050511734434352369
-0.000000010837476967380926187036
0.000000004947553216137678047184
-0.000000011132974631077473075688
0.000000004948039756775121375648
-0.000000013139308579472954089989
-0.000000004058171345844586097708
0.000000005733612768525370799444
0.000000012160805103921588422303
-0.000000008575204647814979824148
0.000000014328634351812976949646
0.000000000574184056106691710474
0.000000004516207041186917849649
0.000000017158609685232501341805
-0.000000014930901454091800120328
0.000000011110002076483235893854
-0.000000003843659768190789685521
-0.000000012167656907167462089781
-0.000000003184195603035767395090
0.000000006439742107280012209981
-0.000000004945507467771617529314
0.000000012365324969122588090953
0.000000004305693884540894995317
-0.000000002401469901041051003181
0.000000003580601663648255455549
0.000000006689431795356097077754
-0.000000000574098797777359844543
0.000000006098158037070784207023
-0.000000000152247773590643500077
-0.000000002218513406633847759526
0.000000020744835717702691188377
-0.000000009644472096222041292198
0.000000000016782378864247799086
0.000000009916537171235935810963
0.000000000124766918872843273788
-0.000000002393805887912369139918
0.000000021039730340575379757632
0.000000018200234593649333609151
0.000000001557763413092489473106
0.000000001399555050338500036994
0.000000004683566708787154507035
0.000000004613363365490934462414
0.000000001996429345756283147807
0.000000011072486281116217020006
0.000000006347162500950319889160
-0.000000002646658433360769352031
0.000000001298452865235081671331
0.000000014925852457945437942530
-0.000000008070377086731126214465
-0.000000000199681461651637983398
-0.000000003872417403207229613605
0.000000000003569576808041051404
-0.000000009490981530303298001511
-0.000000000697641066741479443006
0.000000001087393628920739760688
-0.000000004592291344368178111515
-0.000000001294255813933818065989
0.000000007010958758402201189504
-0.000000015513443397694386645922
-0.000000006253368155337631590074
-0.000000004091680549962049210246
0.000000008819110675695577384103
-0.000000013838405121290874242674
0.000000013336475094639658216359
-0.000000003101013277827508925340
-0.000000011827928469721001207413
0.000000016848904335859591591159
0.000000021319917656558962618984
-0.000000001087545974355023073030
-0.000000002081251816694768112608
-0.000000002952244060475758330693
0.000000007256076985643317946798
0.000000012967115736216285042987
0.000000016539342066116903601113
-0.000000009117263058902895455927
0.000000002240050525209751181921
-0.000000012838374421199495057628
-0.000000019351283190824068902542
0.000000011300554665043501244390
0.000000001446684386668344924613
0.000000003203372742868649622888
0.000000000523109438007272225225
0.000000015359300585953859718825
0.000000004523022023358281594121
0.000000008348428114290768173278
-0.000000005011016514416937980299
-0.000000005198551059246185933918
0.000000015275933405664565145672
0.000000009854775034591726056579
0.000000028294802498398731685898
0.000000009782283142425046830296
0.000000014021340942581684400428
0.000000004172386823106183763587
0.000000001219458997505859722874
0.000000008532899102456632425356
-0.000000014974248974435429533165
0.000000016967070321446209075586
0.000000002746653674392990624766
0.000000036146344480337166265290
0.000000009869408932824025766614
-0.000000028097378322359476012085
-0.000000004860847674656661630413
0.000000007335684332450218265080
0.000000003083692926312387213275
-0.000000024251981926480251939708
-0.000000009939411183120379619796
-0.000000005927973065618227818657
-0.000000002934047322513337698527
-0.000000011750816863003814404735
-0.000000006792170081799636961976
0.000000000383980415677978674230
-0.000000002695247352991964963403
-0.000000001675409680286345039100
0.000000013339453480093284959860
0.000000010607862986583602717447
0.000000003714922571122213914776
0.000000008531997750957031436959
0.000000011882895827024023171034
0.000000016113712520347518669519
-0.000000003419188564734326312120
0.000000009572520404901715217381
-0.000000005979153735355763523648
0.000000009569055670477774129280
0.000000015396682622758571149650
0.000000004235611036109695233914
0.000000018742870354735399246398
-0.000000012378025532356699863448
-0.000000003674323168188655240833
0.000000001119944364088365557344
-0.000000006424170980000253508020
-0.000000003744182771420711987666
0.000000006434048810922387033016
0.000000034114146003833933003178
-0.000000003898339582647221764393
0.000000005683203990327565352244
0.000000014147689779588101515080
0.000000018208015810171659729899
0.000000012360562223260424750522
0.000000000622709888324721382477
-0.000000004327682936001465949877
0.000000002116669301717883811661
-0.000000001959488213911816847579
0.000000020417623439901105260183
-0.000000002828442230078071801379
-0.000000009998857082565027692024
0.000000011529375468885658294209
0.000000023910184511885537806011
-0.000000006468578902338261408026
0.000000025670561667800445800451
0.000000011188684501768060988555
0.000000014588029156083028183888
-0.000000035418478114656239323018
-0.000000000340958512020918103700
-0.000000006482102300831583788417
0.000000005222515149597182872072
-0.000000018619170715162921398096
0.000000007735289547245847488565
-0.000000013051664295457089865943
0.000000007896421552390698786227
0.000000019420994800599501460176
-0.000000027754239642467381692965
-0.000000006294997438936296652400
0.000000007602115897889675048506
0.000000028037285942817732210222
0.000000009339775545668301641612
-0.000000022704342280562907592142
0.000000017456710158463554695756
0.000000016629555508505907774046
0.000000022790141023295844119460
0.000000032587721719517047963700
0.000000027697437631685921307105
0.000000031846419060256862406913
0.000000026956880667335932447963
-0.000000014614104492506512524654
-0.000000003810388424190335790595
0.000000012801187041318804833578
0.000000013956799896838551677807
0.000000013695419220669484094412
0.000000011165090536845987915673
0.000000017943451725127272738647
-0.000000007364453223631442842894
0.000000021933966830889576748048
0.000000012874593683750103702169
0.000000004362147526572770521494
-0.000000011800497946377503652353
0.000000019801748166993243665997
0.000000009901955072126179419485
0.000000013740877964404447479999
0.000000019157802252746037027281
-0.000000005511879842298221146230
-0.000000010859828119163174895901
-0.000000014463661961729073953406
-0.000000013456094272252420049172
0.000000009258817824053676234743
-0.000000036755520646173332062277
-0.000000019631963613743591000453
0.000000006109148617437224266204
-0.000000021227716432577216855808
0.000000007922142692243106088515
-0.000000036310257493933318337984
-0.000000021383822996673537435213
-0.000000001922943029453310578025
0.000000015154346016651015718421
-0.000000014557649119308638188773
0.000000023151392474603461794405
-0.000000012268108446932182387327
0.000000003180046841721429422251
-0.000000003196713793579970219232
-0.000000000848251257925930093315
0.000000020757301511664454659776
0.000000030054522801019311718928
-0.000000014682791618077237794024
-0.000000005937089661284520453548
-0.000000015511202222973923083194
0.000000037091972533991959959297
-0.000000007641042877130468600352
-0.000000026339722635254580508470
0.000000014653198480735910820165
0.000000016459932750962160663025
-0.000000024953004578498422647617
0.000000004645378805351286536357
-0.000000015521044527032559978581
0.000000023650172443187707309264
0.000000050800021119805479929185
0.000000035249694316171144222875
-0.000000007019206120081431675769
0.000000028847023370876424166129
0.000000010698284374501332661279
-0.000000066101052862904260986475
-0.000000010795156912981097987246
-0.000000013101036844483827288066
0.000000028600421741864611784380
0.000000012095844933672902895494
-0.000000024088187189882211778054
0.000000027985512367119898222695
0.000000009247704949998600980046
0.000000022142507886180312153621
0.000000008465920771498349563404
0.000000020766280406016844456469
0.000000031047753981304787232764
-0.000000051109289912262035427178
-0.000000007231794374585433675731
-0.000000054605434804811820030660
-0.000000087143741130122368830295
-0.000000008994511559540836296155
0.000000081998228401158956925567
-0.000000086206761502401081007674
-0.000000132216428487028924705610
-0.000000107244061856842184597921
0.000000030766904270565089999057
0.000000033030072363244297525334
-0.000000027249832591667143377721
