0.000012372125386908110867374352
-0.000000003784385144242529807384
-0.000000005629580128641902892133
-0.000000011974006046721439527446
0.000000009067508990565028566478
-0.000000005853510281943333866604
0.000000010786082478830694100449
0.000000008248300966453698995952
-0.000000009189900963036388550700
-0.000000009680678141036695638294
-0.000000009374749065372368988070
-0.000000003940864864218283753006
-0.000000015570633601403970279434
0.000000000783313130916029573034
0.000000000863760900209685529729
-0.000000013407621898499739476366
-0.000000008830008808758093843990
0.000000005602023067144172876298
0.000000000584572673904137893082
-0.000000003073968090325968982858
-0.000000003779548299849912749445
-0.000000001756783584733840733017
0.000000021492169194101652142466
0.000000000973761011817632933643
0.000000006745597544181641759212
0.000000000763481594307278119095
-0.000000007891668362424049103172
0.000000004961490793903492607954
0.000000004202877537778283522262
0.000000001258916865763975974585
-0.000000000418850391965552296026
-0.000000003520898694421383634312
-0.000000006938785471905400683596
-0.000000000096154581913856035301
0.000000004643948297408649265175
-0.000000006418938118854010811327
0.000000010115606903189800165431
0.000000001837513454668322682126
0.000000004497413370673820087939
-0.000000005518984783329724664774
0.000000008712376831720578066495
0.000000013974065948727869280988
-0.000000002723227745326628083499
-0.000000005683732732240264976533
-0.000000004783785630714072610788
0.000000006895380744033783287087
-0.000000004446600074576631956203
0.000000002237104605350440648238
0.000000000915164396264378246688
-0.000000006723446954023654074566
-0.000000005350210681206978527196
-0.000000007470285615330894440455
-0.000000004418255700367631196437
0.000000001882245646959678682663
0.000000003994605789356344899448
0.000000006385863724065219794509
0.000000005041417562096603451282
0.000000000019884266552961716222
-0.000000001315781765327298704573
0.000000001454379445627074254442
0.000000010108739670287513049741
0.000000000911656172302568007444
0.000000005647290611095869425199
-0.000000006005861243793590002173
0.000000003907893317716170602600
-0.000000004380802570370023614842
-0.000000001172803735666045740938
-0.000000014302763079446111600055
0.000000001619200408371064568453
-0.000000006200874043443985626566
0.000000005643743702988411785735
0.000000008152059964773655075437
0.000000001825032256360938206135
-0.000000006036692255621261424124
0.000000006354373352695940519455
0.000000004290215245672623478182
0.000000006325113318462666418700
0.000000008912063716869343852414
0.000000006382767544898589721937
0.000000001396383261655526862658
-0.000000001918837967621688873505
0.000000003425269649212697344466
-0.000000002526189150618649701619
0.000000007254022257117947521317
0.000000006830117585911587239436
-0.000000006077228808739269611698
-0.000000010766989174758927313015
0.000000004156927066743408139299
0.000000004613124224540674042014
0.000000006856946506888321017377
0.000000005245923420170440100170
-0.000000004236535881430759191671
-0.000000001427004135291523520703
-0.000000007604246535643659892365
-0.000000011055591744362017608852
0.000000005197636420892809979935
-0.000000001034537906731216127814
0.000000009853420500075418018685
0.000000014165696952781172566531
0.000000003122256669905655691646
-0.000000006955381113630507916518
-0.000000006098281120098165020684
0.000000002004234214409056457483
-0.000000004682593391665549735600
0.000000008004981688078478131600
-0.000000000412707350938534992111
0.000000004941169420812232745277
0.000000006499898402343072804613
-0.000000000372944512741749166764
0.000000000702012656693101688304
-0.000000004443269900052638952146
-0.000000007336267745927439580887
0.000000000326161420908227000193
-0.000000004974031768518147563158
0.000000004027857467792088977410
-0.000000001657493308321629125389
-0.000000006161062223029336600301
-0.000000015474469843168830006829
0.000000005006528896337596770527
0.000000002548276710055377094048
-0.000000003204152079967091141642
0.000000001115946222437595771364
-0.000000000959424506810363446449
0.000000006563775422980554383227
-0.000000009176430457536599374370
0.000000004305737185585717321107
0.000000004102293400212911486362
-0.000000006113623092904278425328
-0.000000003850393856033030594057
-0.000000004518770638806506234097
-0.000000002502883341301611639705
0.000000003921039766457560093149
-0.000000005846427816596598716622
0.000000000174903502621434379780
0.000000005423681158782796519550
-0.000000002100801067782723791332
-0.000000000870081794414708496495
0.000000008633465172995217852873
-0.000000008436890689134174938695
-0.000000001727088644783217614126
0.000000001235167217021792048250
-0.000000005994914413637041117336
-0.000000005861423891603660812294
-0.000000000337989390531724788019
-0.000000007334533831235951562097
0.000000000922200155036677651432
0.000000001361444410926311596381
0.000000001198658313248627979028
0.000000002429272743476429630742
-0.000000006007944440722878685345
-0.000000002822406750301983970099
0.000000009842511915672237805217
-0.000000012302763938300171545925
0.000000009192400534265454749177
-0.000000011798394117077374423221
0.000000001383636097265069774678
0.000000006955090008827722594836
-0.000000000025742293409730903154
-0.000000003729328047348833386153
-0.000000007329883876494626774365
-0.000000009711551642097326262085
0.000000009492684366428178040357
0.000000000387891911168350605194
0.000000006185135027928309604858
-0.000000000673761107134212956844
0.000000007519211947501998851979
0.000000008057841073263647280269
0.000000000688720271024053154263
-0.000000003195259985227179594473
0.000000002553308065026990602491
-0.000000011534377155299573669117
-0.000000011468254505474444001415
-0.000000007714677063226752379837
0.000000007375500937912528730174
0.000000011234176810693782674800
0.000000001665135232857881461174
0.000000005608622725714897518336
-0.000000000314829805336473495876
-0.000000005826313857015598673787
-0.000000005324425900827640031394
-0.000000002609482851396890968904
-0.000000008536520879784311411746
-0.000000006808391161870975938766
-0.000000011208631295037741432789
0.000000005168769976829183077358
0.000000008647700461104804150506
-0.000000000034833967424172970627
-0.000000003018831772690112774384
0.000000003203655077266252946010
-0.000000002399567692793272363163
0.000000000982477493369692577542
0.000000006480464620921459018265
-0.000000009249869537094313907011
0.000000006760826591785788249063
-0.000000008387454592281602768929
-0.000000003195379796563229701992
-0.000000008277892541939579287488
-0.000000000676139518232916945355
0.000000001122349615618255260392
0.000000011648617665470987627078
0.000000008547692889012420516419
-0.000000008428619978348264773718
0.000000001807045830643853105147
0.000000004860718513114708812258
0.000000007894070717638085145194
-0.000000007092022032002311261310
-0.000000015287743734812789770646
0.000000006048143597240527205850
-0.000000015530777410587144634046
0.000000001931455494162240324889
0.000000000245336169288512023453
0.000000003102603538617896246303
-0.000000000401417347476650105367
0.000000016129682171042554893882
-0.000000003498270965343149482088
0.000000003051329900843181198770
-0.000000002966188910648926059396
-0.000000006758422310747007441347
0.000000006983176963610212800021
-0.000000005933658921216262909730
0.000000005135000598595224327796
0.000000000268640118780060003418
0.000000009533932886317433095023
-0.000000007412142327845229086163
-0.000000000631018920311087951696
0.000000002343833618434075298257
-0.000000002664435981792979566973
0.000000005077337596810323548204
-0.000000003243744140420982452369
0.000000009480018425773897793449
-0.000000007878617149538744397975
-0.000000001281238321818588190529
-0.000000001283752647684413190307
-0.000000011066710369783399372255
0.000000008581599740554390818089
-0.000000004219910899531807953294
0.000000000946547921261794378415
0.000000002986747438900523958925
0.000000005819236759554860919928
-0.000000006909061614058147733345
-0.000000002079847610306853310544
-0.000000001636060555830467750810
0.000000006316669396561955388182
0.000000005187977229632377333614
-0.000000001583993591995327651954
0.000000006891614791365401790952
-0.000000001893419445247996369407
0.000000001749288579906947502962
-0.000000007935138430165333755262
-0.000000010104251745089031049053
0.000000000889585446165159271359
-0.000000012923836219059708253813
0.000000003190625773844002759135
0.000000006608238940303752048379
0.000000002826287530616839880375
-0.000000012327025729249556501903
0.000000003211972919769095224480
0.000000003402520326314673770663
-0.000000010459945916840714007169
-0.000000004924579537322648366070
0.000000001137253058248143918065
0.000000000124733652921007612583
0.000000005486811465018427733230
0.000000000120509058196256631331
-0.000000000398394845307802364027
-0.000000005269945949820269716744
-0.000000005814231535723393024537
0.000000003410467818969661263447
0.000000006397071610270591925908
-0.000000003763192886760222185105
-0.000000000608947426134492124728
0.000000008223199075392282558941
0.000000002022467472501261457885
0.000000011004585284981202662451
0.000000010993185016581623496508
0.000000001558149846338238513439
0.000000003282493108787640567024
-0.000000003686474355710002674014
-0.000000002928941211099771606961
-0.000000007677645922003047916766
-0.000000006089810837182982350570
0.000000001413713381374547358505
-0.000000002615779447502672731790
-0.000000000062507191038158526383
-0.000000000989055549555745201466
0.000000008723689616808913442875
0.000000006851177137777874400780
-0.000000005613077461884176891784
0.000000001492122563132699493170
-0.000000001816568650624408501833
-0.000000001209118955618001789229
0.000000011878058187132905380798
0.000000000690320880744218989822
-0.000000012189841978848286542172
-0.000000002478037618574634630750
-0.000000007181052018126506672430
0.000000000754914879730624142206
-0.000000006202172599192653005927
0.000000007834277544416399347706
-0.000000002466742246698810267281
0.000000009300594084051198127188
-0.000000006216263972273341615980
-0.000000004523821190736587713674
0.000000005740733050333070918610
0.000000004875006491597768401522
-0.000000003945007065651067514366
-0.000000003482304807078279358305
-0.000000005842293244353429699421
-0.000000003640723034697869171615
-0.000000004138980016033513242900
0.000000001437084216265940808874
-0.000000006197599598447334073892
0.000000001574481662448576081920
-0.000000004823719814545922169085
0.000000001942604036125908801105
-0.000000008009617280764444936560
-0.000000004388755598445837948093
0.000000005835487635535668090949
0.000000007224256145995317192511
-0.000000000551540974766082980698
-0.000000002772241865228991581566
-0.000000006194814106412159039444
0.000000005594097357693367749816
-0.000000001462406081583932617615
-0.000000002569027747706338461144
-0.000000000268864060088385883948
-0.000000002095476519142324229261
0.000000002270983646383499644367
0.000000002110831924612379890144
-0.000000009051809457216542269674
-0.000000009749738291909054181630
0.000000007664470156289828593097
-0.000000002381854450927354844223
0.000000009932783330928505530393
-0.000000000533847491451839450631
0.000000000100765571649500886256
0.000000001974932031848155238352
-0.000000001935952095217487750128
0.000000003669856374506794866664
0.000000000135865668808461591479
0.000000004870167810629925654580
-0.000000003944883559518188661914
0.000000000896417140925891560002
-0.000000004307232762681488467578
-0.000000011845884014053413218381
-0.000000010962774852899017073332
0.000000001235118333212033283734
-0.000000005335441226889203498783
-0.000000000863538758843373362783
-0.000000004012360395078887997303
0.000000006674066647579629469775
0.000000002485888404823871133926
0.000000009106479831384115568102
0.000000006754635600027076513050
-0.000000007407422289200572654565
0.000000005534590412919653478069
0.000000000412098604719233128302
0.000000004349086145677482442416
-0.000000002164423513911009590184
0.000000005376018413889628606787
0.000000001779818148197493199908
0.000000004688436969251878352783
-0.000000009609243895739800023918
0.000000007118313169464120818278
0.000000001876313071284531599127
-0.000000002493397816007334737991
0.000000001175018258841238502247
0.000000005135026406594174127421
-0.000000004573291615770227460506
0.000000006929198104779699214517
-0.000000001101391815867430785003
0.000000000816125971197479688261
0.000000000311681141940403294470
0.000000006242649873850338587281
0.000000002378058397547637229933
0.000000004307715990969357463613
-0.000000008704948873772155293719
0.000000002634926870127760975880
0.000000008825016039645426478218
-0.000000004319965306068132116857
0.000000001110141461253598364800
-0.000000002099718156965178077704
-0.000000010616066153885061512787
0.000000003849425961430502377444
-0.000000006052085004688644165947
0.000000002287544401955023075012
0.000000002570971729632576213200
-0.000000002468586280796388840747
0.000000001224888828985323242512
-0.000000002709706129035250638662
-0.000000003014529768528764093045
0.000000006371406461395449529162
-0.000000002409379650154897530625
-0.000000006969014197792576514651
-0.000000005006077608226231167242
-0.000000001690357566071987560228
-0.000000011689446293648726573986
-0.000000004925265360503942728900
-0.000000008641883607585328782165
-0.000000001822714161809586762578
0.000000002348712558004725465171
0.000000006373846176936607542638
0.000000004755734858462964640200
0.000000006222721744627197568086
0.000000003923772351055033624140
0.000000004770408328956471617687
-0.000000008556591114654595250150
-0.000000005182859762815459549188
-0.000000004293477254817278923755
0.000000000968689558440818101304
-0.000000006268496406450469089580
0.000000001257548181354354629050
0.000000009863298474223848964638
0.000000005218022639268682085801
-0.000000001439602251998312194165
-0.000000000830840309547627984964
0.000000002728482180924823766162
-0.000000003053394473844731555434
-0.000000000527434432973812626257
-0.000000002350853812484294093299
0.000000002884733306657464769128
0.000000002624128284213218295366
0.000000007439015910313664820834
0.000000010907049804054102165267
-0.000000002132999938636974389962
-0.000000000274791195268000405272
-0.000000002788765623358765229967
0.000000005128342742932081370578
0.000000000899164645385632880657
0.000000004615449668807610253515
-0.000000005322846521744781459790
0.000000002446891583500292953407
-0.000000000219254104968950150623
-0.000000003290912020860044978978
0.000000003298313655034115207597
0.000000001619903895906302755005
0.000000002879377598963487785913
-0.000000008269397251267971465283
-0.000000006214772024712559141285
0.000000003906047826065016027508
-0.000000009264697399083816476666
0.000000005783443376810649430220
0.000000002676007280218730983900
-0.000000004746280153216475184326
0.000000003414163250194315404245
0.000000005978720279204521720115
0.000000004712512190488994363654
0.000000003907164484550145683852
-0.000000001546392795558492718646
-0.000000005394866539363107631057
0.000000014687910336266169026093
0.000000001095941958646206519998
0.000000004469860717514424428173
-0.000000006245121146039478658921
0.000000008314104618245363771213
0.000000003448937263130430781501
-0.000000003889053929406695046341
0.000000000642463132738278493121
0.000000008005312392397171104670
0.000000003953429998103987539211
-0.000000001200047761326577007160
0.000000002248907616596124056824
0.000000002829669426967104600660
-0.000000001534660553219592831544
0.000000011834812715114392662423
-0.000000006328886209801683367026
-0.000000003132411585369644134008
-0.000000000073534994764216546178
-0.000000000402946557667069140336
-0.000000006171290422898970991785
-0.000000002257373988697694517784
-0.000000003171196768758183786616
-0.000000000100750126757902616905
0.000000004926642340682394577987
0.000000008467655673709183790351
-0.000000000221618664719106554837
-0.000000001310291051016839638437
-0.000000000766538047099796950180
-0.000000006863438525980943122805
0.000000000373958446953904231550
-0.000000011259025156684443894693
-0.000000004946843109633619217231
-0.000000001951286072007288440538
0.000000000665333673913141285221
-0.000000004352423450574617570147
0.000000000833683310062933369421
0.000000005731639857398347883853
-0.000000002549615896945811019561
-0.000000002479968053299160932308
0.000000001544194211584897655451
-0.000000005918037619696212660610
0.000000000747678612586202165809
-0.000000002184923902764736158595
-0.000000000481815955452969448856
-0.000000006552074547304280733851
0.000000003492422983055800253530
-0.000000003672642550466525969875
-0.000000004680493215983397172728
0.000000000499675797308135270358
-0.000000003248989641529147602727
-0.000000005999243434994627208543
0.000000000680500083884968954455
0.000000004960056409964292955718
-0.000000002143204049517428053059
-0.000000004251671972929919998802
0.000000002033465238407874915875
-0.000000003729276733962635071121
0.000000002630664738881549358830
0.000000005903755316302627284920
0.000000000089284619480806600479
0.000000005890122472650426440861
-0.000000005009559002488504122732
-0.000000004278810715786940357365
0.000000008009012826717442334734
0.000000000632646291450151216437
-0.000000007684100682402093307609
-0.000000003478136555861428582125
-0.000000001353357522909840949151
-0.000000001864132563681660223390
-0.000000003069691591884236604494
-0.000000003017782270775676082628
-0.000000003578716235468163240284
0.000000001404766598791348970875
0.000000002554560291589708959837
-0.000000002492482723612613488749
-0.000000002770650597457577593423
0.000000009320997512189964231084
0.000000001884760874240870588394
-0.000000005960672550136547914869
0.000000001002174721567391661416
-0.000000001118376158577308567386
-0.000000007525113649012578172373
-0.000000002712745574000059408661
0.000000005698624769351654455031
0.000000003495873844548133473232
0.000000000395082559345839178085
0.000000005783576639398830693082
-0.000000005349098884044186144955
-0.000000000856377451754640545559
0.000000002668250120531341824629
0.000000008364209719062011929206
0.000000002127714458637769914547
-0.000000003340802706911166308208
-0.000000004640652140793778352256
-0.000000000085766413369499765712
-0.000000006753244698162990250917
0.000000000450387444000867123920
-0.000000001856133632294371667678
0.000000000989631637965997294242
0.000000002055721387718034715942
-0.000000003031509975117384374334
0.000000007544338659707574130221
-0.000000011977282581901039447867
-0.000000003259044562687711635435
-0.000000000740720923184018837053
-0.000000003591727950779362264446
-0.000000002245901208611858668294
0.000000000278092419151295728448
0.000000001803391850176230089643
0.000000000604912220713119330785
-0.000000005460936118665368946233
0.000000001096151323150829874781
-0.000000000158021242911217891595
0.000000006001746110038612502816
-0.000000000857618034146384779511
-0.000000004904563043592198657660
0.000000001217137625973899772790
0.000000002236428627515864741723
-0.000000002843272078597614953301
0.000000000370617160867100372338
-0.000000002031257233551730888234
-0.000000001570231336697034559263
-0.000000000789114006739361614452
0.000000004765055482735888099365
0.000000001667312675481416768626
0.000000002447203114387790711471
-0.000000000147311380783230104133
0.000000001944263441632365339910
-0.000000002945082298568529867248
0.000000001611349185183421316397
-0.000000002894875874875844082000
-0.000000003106357849869901602616
0.000000001005269438601839121276
-0.000000007048176614264992403468
0.000000004599195369544005367715
-0.000000002733274252837833883447
0.000000000390913966722188722030
0.000000006404235247210882982542
0.000000001048471027027764321373
-0.000000004835516815577848362889
0.000000005034800502824874916613
-0.000000002229742706951852337119
0.000000000339873881250511024418
-0.000000003901950459076347520371
-0.000000003031068399834320132865
0.000000003706459270185954228250
-0.000000000879586962007114632944
-0.000000010078597358199236229179
-0.000000001129421942204363098120
-0.000000000107280890306601383004
0.000000000951792700670897978311
0.000000003659512713230173572164
-0.000000005317503641237232212251
0.000000000058737950414395063898
0.000000008552246953727596343897
-0.000000000411339130413149005423
0.000000003923190286418321414015
-0.000000002116121627353362374174
0.000000011120931863610757101967
-0.000000003903322336801132719889
0.000000005512202210369256498299
-0.000000000771817793342438028991
-0.000000004813828810922418864119
-0.000000005158165096899288940982
-0.000000007622154965240934426789
-0.000000004354925629253102794875
-0.000000000267149347082010686861
-0.000000001744225089013004918739
-0.000000000799532652790673135143
0.000000000668730413934464206015
0.000000003167259954303828652208
-0.000000003584768955820784248774
-0.000000000679815811928271004660
0.000000000398738731981563258133
0.000000004896930844157796448437
0.000000002721804208181784829441
0.000000000713406354293432781115
-0.000000001220676811704310964542
0.000000000388499536923809932085
0.000000002774087008317475756976
-0.000000005914443896433528175883
0.000000003322369496451902048695
0.000000005448295623962507626027
0.000000000209730806023945737264
0.000000004374469175280102625569
-0.000000003303911762836784065661
0.000000005593410635159693481175
0.000000000671061918132301480015
0.000000005197405246685212124348
-0.000000005572002477756867822868
0.000000001694906629178391041795
-0.000000002983781213431014922583
-0.000000000642549142699569394104
-0.000000001057342847772021145073
0.000000001443445222442880057471
0.000000014364545594731526861435
0.000000003126840842936382346607
0.000000000197968790558282059192
0.000000000413167046057993161668
-0.000000001874180616740065598916
-0.000000004481344973757722877458
0.000000001162908912047565223793
-0.000000001963340624072638465635
-0.000000001058234802237494248483
-0.000000002739767174106068259009
0.000000000624676046866515907256
-0.000000003745525663155504707451
0.000000003225480760678919226584
-0.000000001428958229359130002003
0.000000001598799181353292470829
-0.000000007423568809341348039602
0.000000001834949216961355531403
-0.000000003657481571422271956832
-0.000000000531176085057591367579
-0.000000004606159047784983460507
0.000000004889852988106981354400
0.000000001381422036110070839694
0.000000002437370542709127510893
-0.000000001662810658376572034607
-0.000000002475986343617286956991
0.000000002303308713240437680227
-0.000000002029262124994934693219
0.000000002583235439025812661579
0.000000000599070565277772227704
-0.000000003192912010736199377947
0.000000011219034053035113777302
0.000000003087184702560686408915
-0.000000002078236771337774736027
-0.000000002741347442893005897157
0.000000001484456056177496114262
-0.000000003617476656321357636755
-0.000000001772723643137991273422
-0.000000000162278722120567732660
0.000000000827098510669743479923
-0.000000006322383694002052352544
0.000000004550335826505299285298
-0.000000002455888556097101805380
0.000000000416881723067592706944
0.000000002490956561956050774110
-0.000000007086068790536633734813
0.000000002220977336385408965028
-0.000000001508023065960916934913
-0.000000001694970411623308199651
-0.000000006671996003542702567344
0.000000001141473995497522152101
0.000000003284616747702529810172
0.000000001195140298152880424906
-0.000000000109883495015701045586
-0.000000003839859697475352044866
-0.000000001452531011531286985564
0.000000001787992685068301144122
0.000000000576994360262921502334
0.000000005048693252644398880840
-0.000000004018706115006100285089
-0.000000011851337857769446806161
-0.000000004612877658453403261929
0.000000004932643717123340934308
-0.000000001653775240213554400858
0.000000003131444526047137748588
0.000000001368004942294249239890
0.000000002337679528807111166911
-0.000000002226761729546671445439
-0.000000005626180503597431498256
0.000000004316595665788546094734
0.000000002967796727688636242589
0.000000000644696835553781311894
-0.000000001320831046611106172343
-0.000000001914267852331766710125
0.000000001079904797575757008052
0.000000004588725930390325436876
0.000000001116075057074551742004
0.000000001623778186729379921685
0.000000001695950787039322813420
-0.000000000991292166741599439414
0.000000005558547242506899172920
0.000000003617555990890879919958
-0.000000000221625822644647073903
0.000000002393353774864546047531
-0.000000001891858144348994824535
-0.000000000700928362647688624589
0.000000000249428698742181648901
-0.000000003959595322729199809257
-0.000000000537341007160193395814
-0.000000003505456562813287575116
-0.000000004761331702529884197280
0.000000008735978165409608933121
0.000000001834154820919465726238
0.000000005993206727753294261538
0.000000001336112318865334067401
-0.000000000937336704437642393449
-0.000000004184150926265094326142
0.000000002028218960999044105847
0.000000008499214547480189747715
0.000000001961155973118738828732
-0.000000006001731825237676160051
0.000000003966706285331863351944
-0.000000003380412338688180878454
0.000000003705709976566906737064
0.000000004593663845524971935228
-0.000000004856915656071324206445
-0.000000001794600004819610631635
-0.000000000697901368841969726053
0.000000001326338885413333558291
0.000000002754313269985260946757
0.000000000415956840546598999290
0.000000001522812481091447780151
-0.000000004930667453995999842237
-0.000000003473984327595420790486
0.000000001463394549353139438460
-0.000000003621681150905601680404
-0.000000003761906476484369407811
0.000000002084388858480122175425
-0.000000002774476105547257768514
0.000000009054900826445608221389
0.000000005205227881445529027178
-0.000000004774042031441898161828
-0.000000002480709318575736514101
-0.000000003538600454314940826944
0.000000001507815608236151450001
0.000000003843704260730424703100
-0.000000004393451031741776224111
-0.000000000522367519735163280893
-0.000000003835158042696390602400
0.000000004367039858145861053927
0.000000002086785578540121494480
-0.000000001897700824763163328747
0.000000000333829365423365087496
0.000000000374182833697265662200
-0.000000003500176204640403240503
-0.000000002628004943322933522823
0.000000005148291009796353059361
-0.000000006758923901059479465704
-0.000000001253826643832579163963
0.000000000583373807257683412335
-0.000000002889916160836525003603
0.000000003973870385661712238170
-0.000000005780910463346650364544
0.000000000120580372998959446376
0.000000003095548910490760085158
-0.000000000715145151693561584542
0.000000006184214589200602796319
0.000000005499560625476086048847
0.000000006168353738988918750282
-0.000000002867453864501949807189
-0.000000000091989421180084514332
-0.000000002399664757543045766069
0.000000001376056915433728753640
0.000000003222980883207369417313
-0.000000000837656007326315366360
0.000000006158074775501299458106
-0.000000008133103444101942323023
0.000000003523101416936416330854
-0.000000004630162880102919540878
-0.000000000660064697287781004744
-0.000000002704340291153388013399
0.000000002311246515399609032337
0.000000007741873895268879551551
0.000000005995378305957585458565
-0.000000003117817644602383427311
-0.000000006506251548501781961126
0.000000004076436185113675193830
0.000000001445531911311457121208
-0.000000004347662961803871029647
-0.000000001038956782670914525411
0.000000001891191444840722740033
0.000000004863216755464195358683
0.000000004907084666668788882167
-0.000000002398824386566988397672
-0.000000008440746184533846190190
-0.000000006802263485489059116356
0.000000002258921495104132146704
0.000000005728265498457904061180
0.000000001640057348966136734593
0.000000000285638366006158833503
0.000000001977998802533070251541
-0.000000000338884191462127474077
-0.000000005307754730262935256738
-0.000000003396141118740709587742
-0.000000002933405367937815529131
-0.000000003327720297326677014250
0.000000009990842851991864443141
-0.000000002240825584684028259823
0.000000005433896959560810237197
0.000000000271503837253635862317
-0.000000006994346794123961382877
-0.000000000529366516598321277797
-0.000000000792909235934005311124
0.000000001384953997247105380637
-0.000000001927487288224928777687
-0.000000000086799892929627101830
-0.000000000421050751705509514368
-0.000000001692944996727016394245
0.000000003627465533933506264708
0.000000001660816421817095605698
-0.000000003068359700483337604679
-0.000000006853390281587834453628
-0.000000003659731805810284841430
0.000000002393916248612238656969
0.000000000443331116875072257029
0.000000001409323445578433744867
-0.000000001202136852728964355358
0.000000006201168806061957168372
-0.000000001559049331509574861721
-0.000000003548028609607570225815
0.000000002725205983664164670600
0.000000001606702883435711271508
0.000000004383506598998515521603
0.000000000118609172155800843149
-0.000000001064466384720072848785
-0.000000002432946603094964205769
-0.000000000879789466447516145176
-0.000000003002880573432433236344
0.000000003669791161160479597030
0.000000004025058881785115866853
0.000000001998629886327716657380
-0.000000000352743090039885590933
0.000000002885147458517696856854
-0.000000002622775183292219316604
0.000000000204923241887095635734
0.000000004776565507143175245904
-0.000000000490105152466298120001
-0.000000004794844892113849742435
-0.000000001782711723330753526367
0.000000001815755254694259364097
0.000000001674910955685332138316
-0.000000000193816650207292186212
-0.000000002311026881096351169375
-0.000000001478633576712028320947
-0.000000006231622963107631106938
-0.000000004737655606072222240129
0.000000003412607015307173836268
-0.000000002460117894911259868271
-0.000000000212612824573806510249
-0.000000001373165366837058183341
-0.000000002196521805145319355347
-0.000000004602073560478293768318
-0.000000000573365278926781153317
0.000000003799984839685353311234
-0.000000000983238853104336929690
0.000000001425279974813330622857
-0.000000002790864743225432433381
0.000000001008001286558066100117
0.000000000282264046352422974549
-0.000000000767658228882572658766
-0.000000003452705547012246778010
-0.000000004105393483565495255050
-0.000000000395977813461299612057
0.000000001754117364852860580441
0.000000000292102870648101716723
0.000000001597298461453303624809
-0.000000000118240950903616795391
-0.000000000109799647634130714448
-0.000000002723593809945748031342
-0.000000001252667167720089624889
0.000000002469692240150101465124
-0.000000002794902908498322122415
-0.000000003291764724911315144805
-0.000000004240083352361131984768
-0.000000000417363116684841708256
-0.000000001185855679438576869724
0.000000000768520825194836400021
-0.000000002356872749672003859305
0.000000002343663154253980946462
-0.000000002114999905442612069496
0.000000003340086149171891089115
0.000000000698948134226725730223
0.000000002120381641394254217419
-0.000000001806477619065760603024
0.000000002321944481495489658018
0.000000002787364165808363931686
-0.000000001213358272770992788420
-0.000000003474838110628544380378
0.000000000381768878884314186397
0.000000002659255115626606716511
0.000000001053993883171737528621
-0.000000001581086037891322340425
0.000000001474456240721748889726
0.000000000003037947613189646720
-0.000000002473901706125694744600
0.000000000754815442270615991916
0.000000001264271847988931393206
-0.000000001968649378277810325551
0.000000000685986759538106551206
-0.000000002464484498682363674871
0.000000000861624150973255278106
0.000000001020842411331462324586
-0.000000001532453197983419903821
-0.000000003778229303128950744634
0.000000001928479100709292967704
-0.000000000952016124670546361279
0.000000000603541855177542384552
-0.000000005176177571413915886554
0.000000002749200978509165144630
-0.000000002453079642410421283174
0.000000000729668863814396066286
-0.000000001597850968759447247580
0.000000001505980715986935022528
-0.000000002532482346073123255609
-0.000000004933522708742984509897
-0.000000004130238146732373772335
0.000000005293029657028207245366
0.000000001206086538429153423731
-0.000000002668295998634544782179
-0.000000002758859552147758315296
-0.000000000452516037611883294769
0.000000005801383307104555739330
-0.000000000217747338688822246444
-0.000000001104025496247708950938
-0.000000003541811686393689062428
0.000000002137088310301029459249
0.000000003656724812787845046586
-0.000000000467198399389125986860
0.000000001397376474780467609942
0.000000001528717991228275539620
0.000000002699863032687686697838
0.000000001164299233787391071367
-0.000000001382571883874454652575
-0.000000000370988856243488874036
-0.000000000688618982184940152472
0.000000001193787094155092549599
0.000000001963172436589178715765
-0.000000000368970533870492859642
0.000000001726269418693712630409
-0.000000002463409374074600047440
0.000000002063858033671617398101
0.000000002334124989123166939554
-0.000000000982541029934490023210
0.000000001226295051519785213999
-0.000000000201087936735307650337
0.000000000085294453835994999526
0.000000000750071062693311905985
-0.000000000092229552591586676136
0.000000000739058748509827865083
-0.000000000185677707661287033261
-0.000000000114027249285577089451
0.000000000348588014546953779061
-0.000000000358650804407636954091
-0.000000000095171403148337712669
-0.000000000035144809836861338086
-0.000000000109834879094256341450
0.000000000019508592047658751458
0.000000000027913771457136750892
0.000000000014359557275407108468
0.000000000028643388904728034086
0.000000000080597576786069886040
-0.000000000049618326481443404020
-0.000000000008861536443901933035
0.000000000048802570550128492129
0.000000000029685860511865545183
0.000000000030320698152097557955
-0.000000000142297344632863615353
