0.000012362745680153622052392312
0.000000001612584936173961804960
0.000000003941469011158214129052
0.000000000416620717198418578008
-0.000000001443839644722785741708
0.000000001679122692780787325633
0.000000000405518964723839551303
0.000000005600713022931285725936
-0.000000003154809958464948426148
0.000000004563081680288936630550
-0.000000000071504142340556525293
-0.000000002539778697891827318958
0.000000005311935984539533744320
0.000000002889285753812636275282
0.000000004750994502309401971679
-0.000000000895029654320333787352
-0.000000004817419587208330914885
-0.000000003321280460648236954814
-0.000000006973960383590184936732
-0.000000001704827561626397229573
-0.000000001434715335442169795729
-0.000000010073083359977104672715
0.000000005075471958266612931894
-0.000000009045515282487471141629
-0.000000000910982896402217822277
-0.000000008571733539396329568241
-0.000000004470345026795325251904
0.000000002348754416239524876554
0.000000001026516565642578496735
-0.000000002185674963553089522506
-0.000000000164142834065180832956
-0.000000003523108941069525175846
0.000000005020396541923416242912
-0.000000006819428616330044827653
-0.000000008025895974442233482442
-0.000000003180182608495811261952
0.000000003607765024226332087814
0.000000002980878080517900135502
-0.000000000210359031206900541850
0.000000002413490339845265083432
-0.000000005052745453138528950664
-0.000000004312958721890772803672
-0.000000003465304424082804539490
-0.000000001478083829141797455438
0.000000007795864748044041967631
-0.000000006403606284305616897685
0.000000002178015154777182273846
-0.000000000512096757101542549496
-0.000000000761303452862588491930
-0.000000001123070495212522513253
0.000000005228497962386318769180
-0.000000001376743902857790880885
-0.000000004140900852410159772213
-0.000000009456470049116981939549
-0.000000005519221475660743133979
0.000000003481550356268648422198
-0.000000001684053397440465203738
-0.000000011027989475583348369164
0.000000001629626388018036512837
0.000000001539562203544651612264
0.000000000231826671645002031247
0.000000001644349143550005976811
-0.000000007935005602341997838780
0.000000002750320760433057324618
-0.000000002976243227664038401397
-0.000000006241934976845713853194
-0.000000000565041804690176421742
0.000000001565023916071404040441
-0.000000001008600360964842866452
0.000000004002799846860925081798
-0.000000001461125051399618106358
-0.000000005020375974287640272665
0.000000003852826206615174961651
-0.000000000592779735952212842192
-0.000000000681736921987940310730
0.000000000835513169658020580398
0.000000003117237406203811042654
0.000000006908650580049995437851
0.000000006175800573307939079162
-0.000000006040745322877533553272
-0.000000005134499307433729255263
0.000000001669619017973853812538
-0.000000005656274046802316619811
-0.000000009652569985423291613946
-0.000000010498987066097914353762
-0.000000006516093450762944504579
-0.000000004716685728850019988802
-0.000000006829033015581498697061
0.000000003650834817064548448857
0.000000003589270224597404602257
-0.000000000815108498281307520330
-0.000000004627742819980633774356
-0.000000001462371878743736284661
-0.000000008624534205881773510880
-0.000000001643151496942174788242
-0.000000007852030636465876398113
0.000000003926318249310211195674
0.000000006520952492338699361781
-0.000000005980532859889186487813
-0.000000001163976135874447155165
0.000000000407242017654271948992
0.000000000021108565886168578529
-0.000000002929949040999185442163
-0.000000001753855490167731083527
-0.000000004564476899569925828718
0.000000002494264273975397168507
0.000000001015260035003447190479
0.000000006026122209310188849406
0.000000007863271657091138551415
-0.000000006198603237512147639720
-0.000000004338028672068114724775
0.000000000454604184101896344731
-0.000000003160557551837124028123
-0.000000003825546495453108123832
0.000000004404673864558922897631
-0.000000004654972811535238542677
-0.000000001553490190342899861911
0.000000000876261125067100558693
-0.000000007641728302443355161844
-0.000000006655292672716340552522
0.000000010199887542502464775017
0.000000002855453864672397858470
-0.000000012632145775329308826137
0.000000003356192385766913001782
0.000000001836630193121298123389
0.000000009630617614732664952328
0.000000006151799200255650040500
-0.000000006409984190043206205520
0.000000001564201324377059632411
-0.000000002901998358995398495672
0.000000000585063072920478685169
-0.000000009647766730440726154027
-0.000000002939519080628388674889
0.000000002492013700299162173844
-0.000000012209082560499526945682
-0.000000012473079638398805142738
0.000000003941909596497903365515
0.000000002367039389887776094636
-0.000000000665757174459205149383
-0.000000009054389882009036502638
-0.000000002280168078021064397513
0.000000006744461205695284579993
0.000000002462641671172908899591
0.000000011680177583581056838511
0.000000010611936879779317537718
0.000000003205407597820528865349
-0.000000001533959076868981568629
0.000000005311324541257440032067
0.000000003871319294277991772408
-0.000000004641835414669055496415
0.000000003948697008318663112788
-0.000000010304564908893118589554
0.000000013571519255874460168389
0.000000000862805364701489823803
0.000000002861998643137931142124
0.000000002069297441371045299338
0.000000002110305643611882842821
-0.000000005123946129017933745927
-0.000000004769226587607227866206
-0.000000004808700486143124873399
0.000000002436170856618022413957
0.000000003286711444590113644776
-0.000000002181981955803338857536
-0.000000004921315319540813799661
0.000000010916794596789634407286
0.000000000321550139771075484794
-0.000000000352575704127799237159
0.000000004991304149482396694430
-0.000000009656623910619532574784
0.000000004231828846648430732611
0.000000001216938097677643851658
0.000000012340006804989772330754
-0.000000004892378900914955306932
-0.000000004963304425689164884172
-0.000000007133189869495695994801
-0.000000001305061624536796786512
-0.000000006728006819996008970016
0.000000008102796413757141311745
0.000000007627817544173522857001
0.000000003199680031339575354883
-0.000000002954257626613419671770
0.000000000038809033975217000971
0.000000008777243489814699769978
-0.000000008603539914373212144026
0.000000004029689079066401779786
0.000000004475202803748905452146
0.000000012689310142646156669961
0.000000003054918493463062904084
0.000000014309612632295209998693
-0.000000011965070736392594530227
0.000000001786510623133270139960
0.000000002101573909049380525057
-0.000000011444319889081213436720
0.000000004581096582787495572606
0.000000013371659321404057188751
0.000000002885130952387860982407
-0.000000006222963465368718459849
-0.000000006289962188086546881338
-0.000000005302508571974348355393
-0.000000009576233801946550470287
0.000000001545859949629342910864
-0.000000000701045446725207951446
-0.000000000243312381574345732637
0.000000001693947465607599631568
-0.000000004602086620369004873240
0.000000004434744035395087325447
0.000000003641049931560275068872
0.000000006174898440310301014208
0.000000005276707703411500634917
0.000000004014599803205179817721
-0.000000011945845579405246195973
-0.000000012000948772733496198185
0.000000003395399784988273322960
-0.000000000781929100817113855591
-0.000000006728372291480047454733
0.000000005094020156482892185864
-0.000000002374683816908648590477
-0.000000002010056297550655386179
0.000000010757191403604796635951
-0.000000003819683752434646221748
-0.000000011173491861909490675150
0.000000008784450149537213791893
0.000000002458262413942158680381
-0.000000002953621996785335221401
0.000000006246585602207803658947
0.000000002086876441616588432690
-0.000000004433857135341415888926
-0.000000006383661053372475515937
-0.000000005292548388469718299483
-0.000000001651973890414905516298
-0.000000006932174805779390935652
-0.000000004868271975777142380051
-0.000000008718273632237730107206
0.000000010066634388560260217000
0.000000011767792609717747570230
0.000000000293019966089540678897
0.000000008678078360140335343000
-0.000000012732780200406233373455
-0.000000004787361128342888159183
-0.000000002196287275888009853319
0.000000000252876410521994799499
0.000000000011485714466518929394
0.000000000142447492366432800603
-0.000000005129116121749048848064
0.000000004011366223231633444641
0.000000011628643175572472939339
0.000000003181617605552653017553
0.000000001879965136585636591176
0.000000004287894953742481583442
-0.000000008846988830181298788748
0.000000010444518150911188727537
0.000000008878029664231814999772
-0.000000005575414917423496048817
-0.000000004744577018840371497253
0.000000004319528116552027249410
-0.000000001678073260555261345418
-0.000000012840927305709677665201
0.000000008193222629766950437579
-0.000000007458278293293539599607
-0.000000001340115367042416725772
-0.000000013312417195725935608996
0.000000000924686855199481624544
0.000000002084641085377619658676
0.000000006982317010609825728465
0.000000000889776906313351228377
0.000000001727926804212022767937
-0.000000005384886925627896109162
0.000000001221017885261917823992
-0.000000003217118876715844117374
-0.000000004048378280115930420702
-0.000000008250501390563074027130
0.000000001978068033092507868184
-0.000000009278176934337037075118
-0.000000000031631158412955336455
-0.000000001164778206049262012246
0.000000003665407657218070397322
-0.000000012277212449274842598601
0.000000004989208816491683930760
-0.000000002195113027838670464621
-0.000000007432370375969686631126
0.000000000044777553177710741744
0.000000004741254219851208944840
0.000000001403306016489228179206
0.000000001835627824377807903559
-0.000000002590046382957152252857
-0.000000002147188615409108268348
-0.000000000656143490323723240006
-0.000000004138781758036636806885
0.000000002021536563585135615575
0.000000001205812034857853626637
0.000000000357063111503781167452
-0.000000005740405906639054960182
0.000000003596024465145879600710
-0.000000004505593916642125689809
-0.000000001484010501159477966627
-0.000000007277112177502282750152
0.000000002071242725580108396180
0.000000003688621359120026121504
0.000000001999561266342409309643
0.000000003491975527867451777215
0.000000003025088957806068306372
0.000000009894726369007657448230
-0.000000010967190563900110329983
-0.000000008931997677266013986210
-0.000000000075621815710810143240
-0.000000019157405003124963429553
0.000000001483298406939257183902
-0.000000008268368992630610025786
0.000000001099132528429642696843
0.000000003552316754436444032077
0.000000005053927492146256921391
0.000000004004991158229147383039
0.000000003841073625209730166042
-0.000000002664088159672343959655
-0.000000003605896061890204017062
0.000000001444087465454032306431
0.000000013618593375134031439842
-0.000000004808714208939355901341
0.000000005407234861352204026114
0.000000004523173302388704898774
0.000000003033626401621813412858
0.000000003389376038383380827405
-0.000000000501135963770770116352
0.000000004389679164283733539842
-0.000000004854751351166239906097
0.000000003011051894960170967118
-0.000000005493080098149444612597
-0.000000000433210759746047611515
-0.000000010678364073486522089327
-0.000000008057991245465253390382
-0.000000000383600360208032615183
-0.000000008942717866438978501228
-0.000000005288293704674087537783
0.000000002384126622897316267321
0.000000002433062403986136441867
0.000000012005723663296895781723
-0.000000008152730309449590883707
0.000000000659940014092065634660
-0.000000012961672428858824771480
-0.000000009300573936520864326997
-0.000000003012632401009903266591
0.000000006167401049026299588987
0.000000000084015202730630573254
-0.000000005111532118693536838428
-0.000000006846148934744098744675
-0.000000001694088823605429246332
0.000000009410558579135291134833
0.000000005801768831564875041534
0.000000005148342411125323606597
0.000000005147603145923489393774
-0.000000003357791957170775008925
-0.000000001082458563984062686451
-0.000000004494390371675988297384
-0.000000005587430459176951557975
-0.000000005589032736540117207749
-0.000000006577306378477932572641
0.000000005594876293602332105606
0.000000001276586812974811650292
-0.000000010730136871662545599157
0.000000002219958795637317394042
-0.000000000037294728101230476674
-0.000000007332980462450183033296
-0.000000001172950454624698258763
-0.000000007194954157610323370932
-0.000000001998276089849251301383
0.000000005854909437843385859756
-0.000000005831319096058802228742
0.000000003609313645655353095503
0.000000010151773598291304068408
0.000000008417263943410598966765
0.000000002898572915748293337565
-0.000000003020956875025394563999
0.000000011245426548442842679756
-0.000000003053518269438343086711
0.000000003350512030323040901122
-0.000000009554069532376613199151
0.000000002789455561311147934439
0.000000008667969993258248673954
-0.000000010841821243457251661876
-0.000000000270537686989221002582
-0.000000008894939620480783694804
-0.000000007689536468412317486080
-0.000000002816515937794539429558
-0.000000005099800545505282817977
0.000000002634746859300997948418
0.000000009532332211968591035223
-0.000000004070072368365396602748
0.000000004547543430345766429914
0.000000000186062823569732417598
-0.000000002651490648064787084541
-0.000000004514192681739241171387
0.000000009948734312442359740993
0.000000012297567576531087545201
-0.000000006428563694057915725742
0.000000002197785428275354301154
0.000000001076068406900301682728
-0.000000001873828738372946594330
-0.000000001006021757334106268727
-0.000000001967015916667186864428
-0.000000006566844468531422608224
0.000000001331480289500538923081
0.000000010271006863710149222941
-0.000000002065082014898860676481
0.000000002136496160144783977293
0.000000000543637264576437528078
0.000000001137508698465573070403
-0.000000003103425126906131016702
0.000000002329406529931891368558
0.000000000621301530192083029086
0.000000007200666942537358464485
0.000000002220570293485587483460
0.000000000210354056229383973909
0.000000005304665807038120370335
-0.000000003407961944511644318364
-0.000000003375639727497565208493
0.000000000839459405501632775036
0.000000004286018689701622519465
0.000000008396631283246162057580
0.000000006316183965257656609070
0.000000004420259347775724562542
0.000000002932731152485470551533
-0.000000003580697762311855041519
-0.000000000783402180633155779473
0.000000003368754568681045896054
-0.000000004497087705279770102356
-0.000000001257163247591184121002
0.000000001128697825738557277743
0.000000001786226211384162073106
-0.000000010341589043619181452001
0.000000007773402382147388076589
0.000000001402351857858523521993
-0.000000004511213506495840308941
0.000000003067026363974278819756
-0.000000004878212129340248216588
0.000000000231700213662807777825
0.000000004426724938526863991464
-0.000000000177295812353708385332
-0.000000003348490087410392879584
0.000000000032391840276569879745
-0.000000006016997700466175310591
-0.000000000038763678147991569141
0.000000004888540986888838286703
0.000000003972271571361210213664
0.000000008573470074818623063543
-0.000000004095715397796295907566
-0.000000005551332773365979305788
0.000000002242222435393026935614
-0.000000002305392927798860045203
0.000000002106672227213489008635
-0.000000002582182322760014119627
-0.000000002675174071237518973362
-0.000000004234164928944673903232
-0.000000004841596422705626395801
0.000000004729950659683704984745
-0.000000007012085377334717798396
0.000000004705139241622535113582
-0.000000004871664184283878763754
0.000000001598431231933465332907
0.000000003990502555248913670363
-0.000000003945217802148745437812
-0.000000010088265213905014528737
-0.000000004693743743475873399859
0.000000006712634749417475088156
-0.000000008198551624008260991198
-0.000000005618725929312767137755
0.000000006051267431204893881774
0.000000001527029913187995916816
0.000000000285612095364613288601
-0.000000013872911789633333719020
0.000000005459765460585701876610
-0.000000010479807767048563962434
-0.000000008604443666255161592015
0.000000001973978389128642054258
0.000000001709839281921689310262
-0.000000003234104894704115652323
0.000000007419446107270615718657
-0.000000000716657551890913300392
0.000000008684451869904439946803
-0.000000000661649959083584707280
-0.000000002815807675179487958701
-0.000000007108343984054461164216
0.000000001808794552710953885959
0.000000006395776751632999918202
0.000000005385312269640774347773
0.000000009457424720645724623327
-0.000000006738555518620817199106
0.000000003046122192994310952396
-0.000000003353374950654978873934
0.000000001831133552818122619362
0.000000018786249032661471564808
0.000000005145016244419423646905
0.000000001466527716665644957842
0.000000004924585185739357818711
0.000000004284461409953247114445
-0.000000002002776618524119766389
0.000000004815614335289602194688
-0.000000005470910544958014307130
0.000000007268673749623583026528
0.000000006301688411952394948483
-0.000000006232908126729549004734
0.000000000699263657004088296830
-0.000000003554539975030662347602
0.000000009235730763645724091308
-0.000000003126568984573232102796
0.000000004696247115039408808811
-0.000000008292608557879750970815
0.000000001310862108073563407252
-0.000000010313924936855637482318
-0.000000003115817026890032408372
-0.000000005440423811209369830544
-0.000000001811136086246268202193
-0.000000001475153144872693458458
-0.000000017347565223670525563830
0.000000006398858929256345560149
0.000000008016202295280346063131
0.000000012837633919998667559743
0.000000003806724347498144678109
0.000000010909860676355288708026
-0.000000009208420659636331259148
-0.000000011930326023447947853145
-0.000000002748257693196417407436
-0.000000001232059132591470661730
-0.000000002060994729127873403920
0.000000000620551888560341294085
0.000000009993876068007172076292
0.000000006166743735935222330592
0.000000010324907816755714793506
0.000000009560512684662128122568
0.000000001650901712134019401856
0.000000005164303575829377133400
0.000000002516971706282581476911
0.000000003223207860622024991857
-0.000000004763830706000809355475
-0.000000000131571439249383375424
0.000000001118940480689759580532
0.000000008705668142473465011111
-0.000000011570931704147926545440
0.000000003872167210345099812267
0.000000005345237840871894619745
-0.000000001095509831091044343585
0.000000003782708361063595649689
0.000000002780339161300581368332
-0.000000001106506364430994220021
0.000000010668377584295788697942
-0.000000003716096559431812944470
0.000000000555547029649900266259
-0.000000007075653411766738834965
-0.000000002944924549573125590201
-0.000000005315269802657583995112
-0.000000003543644918184059768588
0.000000002366250133975109628299
0.000000008564829476618831256251
-0.000000006999503343082001822056
0.000000001103430222945254462073
-0.000000002429912148840454288742
-0.000000009276213826547499976416
-0.000000004874627894406382498033
-0.000000001127892725560958074741
0.000000000157257225254726678912
0.000000009266870675443679083707
0.000000008840466278790212112303
-0.000000002000334774649122113192
-0.000000003953744618814073990705
0.000000009871464173474579520016
-0.000000004759586210233052732627
-0.000000004304506255518660465182
0.000000015589654535343465519109
0.000000005147944008065872421316
0.000000003416404874260947016527
-0.000000004140040440352277198653
-0.000000000880639960311815449762
-0.000000004179325072119304187095
0.000000009715475858233180055340
0.000000003274075797589748965897
-0.000000003171648235417945410434
0.000000007680927747687911459405
-0.000000001526352520543367359406
0.000000006688821420230341040244
0.000000016740778004189318609752
0.000000010159843099664526248743
0.000000005646934185088780457421
-0.000000008244221661879094042134
0.000000001955211692707312301133
-0.000000009570711082290250718965
-0.000000006725364889542773118937
0.000000007309438805242947383497
0.000000005396801545027316783882
-0.000000012048491535344483854701
-0.000000005474302972187136059597
0.000000012693480668067715784997
0.000000002646469025894553606791
-0.000000018538538025501428779665
-0.000000005405655050649115715075
0.000000009918736424660111603740
0.000000007001037187900357260145
0.000000003394227441325180092769
-0.000000004503794937231604642140
0.000000006040003746193866740681
-0.000000003816563297436511156424
-0.000000004638818149156816072080
0.000000013038935752589262616567
-0.000000009750181654415149765704
-0.000000008569197424896782073641
-0.000000001433868466568887638056
0.000000002640159641014797748108
0.000000004673590193920491589894
-0.000000003453298557499183461140
0.000000011363190333115411528429
0.000000006237164321190793296110
0.000000000426286961222271165123
-0.000000006279769000447033848906
-0.000000001695492758569973047354
0.000000009151273802501260116820
0.000000019493663136985375207802
-0.000000005029118635203751872012
-0.000000004297879411258595945722
0.000000003621997082084781682250
-0.000000004306145795198687177457
0.000000001386939972779252247208
-0.000000009428298662625117260489
-0.000000010992152239022542160699
0.000000008466757440095574517758
0.000000006384527690892389663206
0.000000001705875064509449993762
-0.000000011022876680056649864014
0.000000005929239075069285686796
0.000000002993971139484294519352
0.000000003942290008090697867604
-0.000000016774419720456532206002
0.000000001602588427962010378015
0.000000004340990280617164754603
-0.000000006094793390781475375388
0.000000017168936660588123835678
0.000000001722007424755259940134
0.000000000557822749166125522254
-0.000000003191121755188607208679
-0.000000004531149914878399224054
0.000000000994610391254169819388
0.000000003247168647913061416551
0.000000001835027689476986176977
0.000000002117432504880187943963
-0.000000000904737677316280874357
-0.000000009771055849743539977339
0.000000018070512400377515534589
0.000000009927297820839858440739
-0.000000001706975188454473730349
0.000000005413817162424300101286
-0.000000009460203885342449364463
0.000000005627873031101556814002
-0.000000012322191472173042922567
-0.000000004367986656062196291348
0.000000001373040255056547353958
0.000000014821937230785296804299
-0.000000003039493367715849652042
0.000000008185048360116605700098
-0.000000009344216631877206886979
0.000000004416824371479524073044
0.000000000646751453110037712029
0.000000016811974813856546308883
0.000000003773257390774076042754
0.000000003935518604375781346557
0.000000009900676414804643547890
0.000000003350785813765042336869
-0.000000005994571379966688047064
-0.000000016828753790546631502113
-0.000000007613336088782765523011
-0.000000007008895974377581765972
-0.000000004656911443502920473899
-0.000000020721897174453283341879
0.000000008127446650064198995325
0.000000001228906284659787379782
0.000000002336550041545945488906
0.000000002837930581604615864983
0.000000012335182089012208624837
-0.000000007025071000864057489773
-0.000000021588093854558220574073
0.000000004197538202597997916313
-0.000000000251224943214649494541
-0.000000005602431590391333262815
0.000000001949374465251839063608
-0.000000001392432459904351572406
0.000000005332426811135194151967
-0.000000010521990495612126276720
0.000000002171991931485562797532
-0.000000006730485244298805408278
0.000000017660663166099921945216
0.000000009651520818398912633967
-0.000000003876984825279909102917
-0.000000014585251644974936893599
0.000000002674091482907723686205
-0.000000009867688099257917335700
0.000000004310660399836857447421
-0.000000007380012133188634656215
0.000000008477055830911236556781
0.000000008612157617040051546289
-0.000000008735546856073836607541
0.000000012965342062998659893818
-0.000000007725869347831175155715
0.000000026575681001802770760914
0.000000007347251134536935635437
-0.000000005042801389772032938604
0.000000000707865087572592173600
0.000000002186402252126089622543
0.000000000107561080760927831339
-0.000000001615758364165409366700
-0.000000004671375832368269675783
-0.000000004781863058456463865814
0.000000002778928396828825220822
0.000000003594994158260982767078
0.000000008658801144732974057251
-0.000000015587159957717386412421
0.000000010824926702357996570073
-0.000000010295867064235880732252
0.000000000831459169255832199245
-0.000000010231111424866413932224
0.000000003522620896723924981739
0.000000002097992617095289309240
-0.000000009070886785585051965147
0.000000000545543217642166055330
-0.000000009432222383223482913267
0.000000000804309622872729042348
0.000000013847962239087517079183
-0.000000005710039865499087260315
0.000000001819157649200088665996
0.000000004084566229120643364771
0.000000009342689264583967502949
-0.000000008013428732494388815415
0.000000011985906976745306724877
-0.000000001355491620248802093063
-0.000000013861398998954571730426
0.000000005349993043921026713328
0.000000004448344948113025134864
-0.000000001341380673747582152952
0.000000009405068730791263188282
-0.000000006384761418731305430502
0.000000000701699327550312143194
-0.000000007210349509298445078338
-0.000000002888031984050483981861
0.000000001145171086335756751927
-0.000000007820312644569967359861
0.000000005491592393259049172072
0.000000008448926406684368559678
0.000000012347377552063683342832
0.000000003600718349895040956400
0.000000007152378944810417050052
-0.000000008634050257858664209438
0.000000007452403427422151393249
-0.000000003203688086936518918958
0.000000004945555649880719614650
0.000000006582213484026980284530
0.000000011240371461410946807880
-0.000000005478505555427375359782
-0.000000010511816235401221969081
-0.000000002213646298306691142462
-0.000000016955195775448466961358
-0.000000006951201310517427103855
-0.000000017136947146827784243197
0.000000015354782941682831602061
-0.000000013813980640663635689480
0.000000005064431631690845346945
-0.000000018515266382739271369397
-0.000000001343684664299605138730
-0.000000003397789409348586341596
0.000000000193841134080853306878
-0.000000008495203540078298269185
0.000000022053417441750922054156
0.000000014407249057668490742937
0.000000005629148969667070047476
-0.000000005956641600749987199099
-0.000000011520564626657759280901
0.000000003155369710245606657110
0.000000025936681609786804286591
0.000000024469822108320687154053
-0.000000010055414305399285217966
0.000000004010137793844884635813
0.000000001293957422651275609170
0.000000008711111544657921397685
0.000000005154762899615979111786
0.000000005494214210463205976217
-0.000000001685323200371743563732
-0.000000004427988108689528553404
0.000000006857784576668669465591
-0.000000005948959179104556893731
-0.000000011908517683580285585883
-0.000000010477275708443653214880
-0.000000012336000301124794089408
-0.000000000228940316697311771403
-0.000000017494557055448007463856
-0.000000009420405110170649917882
-0.000000014485074450885668978085
-0.000000005112765688782933540968
-0.000000007609771441054606560175
-0.000000003892705718080035891038
0.000000002535395767219183522162
-0.000000013309166362542358823229
0.000000006593533335978783531390
-0.000000017987817935540869036162
-0.000000010846444308140646044380
-0.000000007490108806582340521384
-0.000000030461449834502575238544
-0.000000005856650726803131166514
-0.000000003672923173977000453838
0.000000026644234454241540329541
0.000000010075864123706945123317
0.000000004307676800957009061055
0.000000000576233297627466713771
0.000000008154185402900279818918
0.000000005417984843595731366384
0.000000004546213398201626638454
-0.000000008487877127312623874263
-0.000000014746679683345866597435
-0.000000006379990645974620891633
-0.000000004961065391943217710769
0.000000005836806590159716311403
-0.000000001554834293196865689215
-0.000000021029621848882528398244
-0.000000020492012720788400279301
0.000000026242326643650836307139
-0.000000008281568419624332993895
-0.000000000658671011673681488882
0.000000022659389955281447961564
0.000000001368128059576342855699
0.000000019773479648394772618085
0.000000017711673556679414999898
-0.000000005644811266746648339841
0.000000001031812182512081520703
-0.000000005174559246536884428004
-0.000000015955103036213129457946
-0.000000002318738134987663286669
0.000000005376815300380582283998
0.000000018150978450870292062670
-0.000000005099112792158721785742
0.000000015707189652504237720253
-0.000000003965668721453743975812
-0.000000015065403673928932254261
-0.000000009490861032167286284543
-0.000000019063021190530962610087
0.000000008682533106446182900513
0.000000001176797009654740011107
0.000000010241079883575370577025
0.000000012215586451463525390043
0.000000011647732715762514171031
0.000000004354335819524782743392
0.000000007192345817301036918388
-0.000000016731956543343210174706
0.000000003069684680198217553662
0.000000000741896016527767047089
0.000000006365186639444366593470
0.000000004825268907778867574567
-0.000000009482782793095010437495
0.000000002042000857510586179481
0.000000019209614995527607462634
-0.000000004881504252001641690695
0.000000005166857761940751037888
0.000000010804896021309652975189
0.000000024394475718867792269000
0.000000018454229390461037229202
0.000000011715313801424626821380
-0.000000001479514524082694323776
-0.000000009628354569201824927980
0.000000001614495750816483562180
-0.000000003741343521532117363992
-0.000000021167461338603725119737
-0.000000004104823665529920838047
0.000000003340843675353261695038
-0.000000022133791320066640174742
-0.000000005166141430760277902541
-0.000000010872432175811933738452
0.000000007062750106931410264322
0.000000006543856341104979723881
-0.000000027919353107668856099684
0.000000006984861938164842909612
-0.000000001486401838349210213049
0.000000001695157066843820142622
0.000000007375363400293402518620
0.000000011016945391759581524894
0.000000005663227309105196034225
0.000000003969779070864596999652
-0.000000026724967466812551632520
0.000000000278646172184992225445
0.000000009053370534143326407268
0.000000012260095827889806545265
0.000000000401571495695871357277
-0.000000011566653434300972064493
-0.000000011847955314047285645217
0.000000017126292071855930176058
-0.000000011547971565741043840688
-0.000000001894637675656292612478
-0.000000026756843393672722467684
0.000000019680363660573018438764
-0.000000000848406582470432217976
-0.000000020840857053823208344299
-0.000000033265516748319594698644
-0.000000003753833650518460240940
0.000000021545480565002077320747
0.000000021723177705328678413293
-0.000000004882202798317307443760
0.000000007228453511336598878550
-0.000000003218131941050344314779
-0.000000006871053550787806465665
-0.000000016932889653689508972893
-0.000000009924293706048492914113
0.000000001438314206682206177763
-0.000000027132304506403655585548
-0.000000002332302332544046230005
0.000000028416869080839157103907
-0.000000044297310174003856564212
-0.000000006969943403169450745564
-0.000000010284634103506613774130
0.000000018354770687757812243617
0.000000024620193571492993933689
0.000000008644587293865671377390
-0.000000027838372847772440429127
-0.000000040836551278366508433328
-0.000000017457539533843214977207
-0.000000004699249311215630736818
0.000000013547079757576663642190
0.000000024091194835577352162187
-0.000000006381695613268918605163
0.000000004492591406811544200579
0.000000022390933038225389498290
-0.000000013208275445367104500332
0.000000022670545575909915513633
-0.000000029429536578795953584138
0.000000001989911375076639349861
-0.000000030126879964955405283364
0.000000002859775237449944566004
-0.000000019619368324550881180597
-0.000000004065615433535067168099
-0.000000024705151704621182382736
-0.000000011199649392572199450101
0.000000022548079364579510720946
-0.000000036592595898947803829040
0.000000017831620963040917172944
-0.000000012275033345266414882904
-0.000000012880138286982464748377
0.000000004703702434017731285559
0.000000030239840249202499615393
0.000000026789035959071944460888
-0.000000006516248712481459899788
0.000000045773348137863711892885
0.000000005109513023594768826058
-0.000000002892259690054301266988
0.000000026639474045349919069683
0.000000004200194551647539830660
0.000000024156727731101243335288
-0.000000009612048168967004886734
0.000000008313564942990448647390
0.000000019512040504474746971966
-0.000000007257062240095596655115
-0.000000025862115234252696076644
-0.000000026658771670926403772354
0.000000011667331369261668278992
-0.000000008233945165422803397336
-0.000000004999534685057309643420
-0.000000005696883395985062719492
0.000000015526913524391899809999
-0.000000051338269641838549979049
-0.000000003672659149831782637907
0.000000013305286650364808402572
-0.000000005425494058471972352233
-0.000000002363987757415265076446
0.000000010454875027515833699124
-0.000000037953257256572845860430
-0.000000005443496337078525360558
-0.000000014487749135435418064752
-0.000000052548276724763414159845
0.000000000610217993222128560094
-0.000000009253383546767071327981
0.000000082656735587069233420196
-0.000000000856117410046253022256
-0.000000046081635344012711915948
0.000000020394153294663581332338
0.000000002028011353854686393529
-0.000000009746500712849829796371
0.000000014405859027872834896220
-0.000000001518161952027000775269
0.000000015786090941626038638448
-0.000000010951504663630473530983
0.000000003412664810744768404870
-0.000000034242324260909104216506
-0.000000041861012296549362190276
0.000000004806508309646344615313
0.000000010801900558183706699927
-0.000000082121953603836527401699
0.000000025216643526097105550109
-0.000000027261192929988488803989
-0.000000037636982089681071456865
-0.000000004559347647402411808593
0.000000025513558485862387396010
-0.000000023788373629319702327086
0.000000005221059066305986285652
0.000000019619193446303943421443
-0.000000002985631174826872876175
-0.000000022445282402024419499305
-0.000000069905943411866404760529
0.000000067417002194675522584667
0.000000060059945628436158981146
-0.000000178341545705132231068208
-0.000000161670321518216389181756
-0.000000098134408005925810901255
